list(geocoder_status = c("OK", "OK"), place_id = c("ChIJ90260rVG1moRkM2MIXVWBAQ", "ChIJP3Sa8ziYEmsRUKgyFmh9AQM"), types = list(c("colloquial_area", "locality", "political"), c("colloquial_area", "locality", "political")))
list(bounds = list(northeast = list(lat = -33.8660911, lng = 151.2173008), southwest = list(lat = -37.813644, lng = 144.8903556)), copyrights = "Map data ©2020 Google", legs = list(list(distance = list(text = "878 km", value = 878376), duration = list(text = "8 hours 50 mins", value = 31777), end_address = "Sydney NSW, Australia", end_location = list(lat = -33.869002, lng = 151.2092013), start_address = "Melbourne VIC, Australia", start_location = list(lat = -37.813644, lng = 144.9630016), steps = list(
          list(distance = list(text = c("68 m", "0.2 km", "0.2 km", "0.5 km", "0.8 km", "0.2 km", "1.4 km", "10.8 km", "3.5 km", "9.1 km", "0.8 km", "295 km", "107 km", "407 km", "0.6 km", "20.6 km", "8.5 km", "1.8 km", "5.6 km", "4.1 km", "0.3 km", "0.3 km", "77 m", "0.1 km", "0.4 km", "0.4 km", "82 m"), value = c(68, 235, 239, 451, 759, 221, 1406, 10758, 3519, 9125, 831, 294635, 106623, 406632, 587, 20636, 8484, 1848, 5559, 4132, 341, 294, 77, 105, 366, 363, 82)), duration = list(text = c("1 min", "1 min", 
                "1 min", "2 mins", "2 mins", "1 min", "3 mins", "8 mins", "3 mins", "6 mins", "1 min", "2 hours 49 mins", "1 hour 1 min", "3 hours 54 mins", "1 min", "13 mins", "7 mins", "2 mins", "5 mins", "4 mins", "1 min", "1 min", "1 min", "1 min", "2 mins", "2 mins", "1 min"), value = c(23, 82, 71, 122, 136, 41, 164, 496, 158, 368, 34, 10157, 3664, 14059, 21, 790, 424, 98, 272, 214, 23, 24, 16, 22, 127, 143, 28)), end_location = list(lat = c(-37.8142228, -37.8149496, -37.8130665, -37.8144518, -37.8082538, 
                  -37.8092968, -37.8048237, -37.7353059, -37.7093602, -37.6900888, -37.6856159, -36.1065544, -35.4644805, -33.96173, -33.9565203, -33.9399593, -33.9459654, -33.9429674, -33.9063502, -33.8697418, -33.8672335, -33.8660634, -33.8658059, -33.8665413, -33.8656175, -33.8688695, -33.869002), lng = c(144.9632448, 144.9607373, 144.9597365, 144.9549079, 144.9516131, 144.9494721, 144.935797, 144.9002051, 144.8904415, 144.9781194, 144.9846922, 146.9039798, 147.5986883, 150.8755986, 150.8765928, 151.0863541, 
                    151.1724899, 151.1918063, 151.2136135, 151.2184276, 151.2165397, 151.2137095, 151.2129456, 151.2124279, 151.2086708, 151.2083288, 151.2092013)), html_instructions = c("Head <b>south</b> on <b>Elizabeth St</b> toward <b>Bourke St</b>", "Turn <b>right</b> onto <b>Bourke St</b>", "Turn <b>right</b> onto <b>Queen St</b>", "Turn <b>left</b> at the 2nd cross street onto <b>Lonsdale St</b>", "Turn <b>right</b> onto <b>King St</b>/<wbr/><b>State Route 60</b>", "Turn <b>left</b> onto <b>Rosslyn St</b>", 
                    "Turn <b>right</b> onto <b>Spencer St</b>/<wbr/><b>State Route 50</b><div style=\"font-size:0.9em\">Continue to follow State Route 50</div>", "Turn <b>left</b> to merge onto <b>Citylink</b>/<wbr/><b>M2</b> toward <b>State Rte 43</b>/<wbr/><b>Airport</b>/<wbr/><b>Bendigo</b>/<wbr/><b>Hume Hwy</b><div style=\"font-size:0.9em\">Toll road</div>", "Keep <b>right</b> at the fork to continue on <b>Tullamarine Fwy</b>/<wbr/><b>M2</b>, follow signs for <b>State Rte 43</b>/<wbr/><b>M31</b>/<wbr/><b>Melbourne Airport</b>/<wbr/><b>Hume Fwy</b>", 
                    "Take exit <b>16</b> to merge onto <b>M80</b> toward <b>M31</b>/<wbr/><b>Hume Fwy</b>/<wbr/><b>Greensborough</b>", "Take the <b>Hume Fwy</b>/<wbr/><b>National Hwy M31</b> exit toward <b>Seymour</b>/<wbr/><b>Sydney</b><div style=\"font-size:0.9em\">May be closed at certain times or days</div>", "Continue onto <b>Hume Fwy</b>/<wbr/><b>National Highway M31</b><div style=\"font-size:0.9em\">Parts of this road may be closed at certain times or days</div>", "Continue onto <b>Hume Hwy</b>/<wbr/><b>M31</b><div style=\"font-size:0.9em\">Entering New South Wales</div>", 
                    "Continue straight onto <b>M31</b>", "Continue onto <b>S Western Fwy</b>", "Keep <b>right</b> at the fork to continue on <b>M5</b>, follow signs for <b>Sydney Airport</b><div style=\"font-size:0.9em\">Toll road</div><div style=\"font-size:0.9em\">Parts of this road may be closed at certain times or days</div>", "Keep <b>right</b> at the fork to stay on <b>M5</b><div style=\"font-size:0.9em\">Toll road</div><div style=\"font-size:0.9em\">Parts of this road may be closed at certain times or days</div>", 
                    "Continue onto <b>M1</b>", "Keep <b>left</b> to stay on <b>M1</b>", "Keep <b>right</b> to stay on <b>M1</b><div style=\"font-size:0.9em\">Toll road</div>", "Take the exit toward <b>City N</b><div style=\"font-size:0.9em\">Toll road</div>", "Merge onto <b>Sir John Young Cres</b>", "Continue onto <b>Shakespeare Pl</b>", "Turn <b>left</b> onto <b>Macquarie St</b>", "Turn <b>right</b> onto <b>Hunter St</b><div style=\"font-size:0.9em\">Parts of this road may be closed at certain times or days</div>", 
                    "Turn <b>left</b> onto <b>Pitt St</b>", "Turn <b>left</b> onto <b>King St</b>"),